507642605
5308059847
6848370115
1050595595
7179231278
5412916579
5466096542
5495479586
5514687208
5667946785
5795112765
5821520121
5935192049
5960996649
6079464152
6319579484
6515961910
6516224227
6577550474
6765429920
6829894069
940247811
1042712797
1043597044
1095077579
1364380124
1584457521
1707902557
1792440236
2018806097
2038875027
5084889195
5014456829
1386772818
6188782351
6865655432
5596856157
5691910957
5395365432
5715921338
1965921379
5974008314
6356151345
2024355136
6079667502
5131379685
1890133465
780314221
5890109267
6262463153
5142272541
6657592040
5718204242
7116202490
5091176027
6548158174
6459505841
6690814096
6234560048
5217483054
2103292479
6225178330
1041256440
1013091249
5449433218
6391658285
2024449646
439838231
700591003
1142868987
6774319482
627301641
1808937766
5905066301
979407254
6554171528
1969624547
1448759540
5046366970
5441095757
1842134397
6270703549
1491779565
5438523356
6001854715
7023314925
1614280588
5251765809
1971950836
633164651
1926973013
507978337
6862449025
1302320722
6704506003
6656796697
1894615714
6336840673
1771781011
5508452539
1335914448
1651743223
1285287984
5729166399
1774209407
1468009339
901973740
5321937476
5511249424
1122211651
1410975951
6031448454
1851161805
1020458157
5667304978
5385444180
5662718332
5119211520
6554404194
6265624550
5716222016
1777930154
603570105
5867161250
